type_chop	i	j	num_times_chop_observed	total_num_chops_of_this_type	chop_probability
N	0	0	766215	853474	0.89776
N	0	1	14023	853474	0.0164305
N	0	2	9009	853474	0.0105557
N	0	3	5804	853474	0.00680044
N	0	4	3790	853474	0.00444067
N	0	5	2528	853474	0.00296201
N	0	6	1728	853474	0.00202467
N	0	7	1127	853474	0.00132049
N	0	8	773	853474	0.00090571
N	0	9	518	853474	0.000606931
N	0	10	348	853474	0.000407745
N	0	11	263	853474	0.000308152
N	0	12	179	853474	0.000209731
N	0	13	122	853474	0.000142945
N	0	14	103	853474	0.000120683
N	0	15	71	853474	8.31894e-05
N	0	16	42	853474	4.92106e-05
N	0	17	38	853474	4.45239e-05
N	0	18	30	853474	3.51505e-05
N	0	19	14	853474	1.64035e-05
N	0	20	10	853474	1.17168e-05
N	0	21	15	853474	1.75752e-05
N	0	22	7	853474	8.20177e-06
N	0	23	5	853474	5.85841e-06
N	0	24	4	853474	4.68673e-06
N	0	25	2	853474	2.34336e-06
N	0	26	3	853474	3.51505e-06
N	0	31	1	853474	1.17168e-06
N	0	32	2	853474	2.34336e-06
N	0	38	1	853474	1.17168e-06
N	1	0	14044	853474	0.0164551
N	1	1	574	853474	0.000672545
N	1	2	369	853474	0.000432351
N	1	3	238	853474	0.00027886
N	1	4	171	853474	0.000200358
N	1	5	108	853474	0.000126542
N	1	6	58	853474	6.79575e-05
N	1	7	55	853474	6.44425e-05
N	1	8	33	853474	3.86655e-05
N	1	9	20	853474	2.34336e-05
N	1	10	11	853474	1.28885e-05
N	1	11	12	853474	1.40602e-05
N	1	12	9	853474	1.05451e-05
N	1	13	6	853474	7.03009e-06
N	1	14	1	853474	1.17168e-06
N	1	15	2	853474	2.34336e-06
N	1	16	2	853474	2.34336e-06
N	1	17	1	853474	1.17168e-06
N	1	19	2	853474	2.34336e-06
N	2	0	9065	853474	0.0106213
N	2	1	377	853474	0.000441724
N	2	2	213	853474	0.000249568
N	2	3	169	853474	0.000198014
N	2	4	88	853474	0.000103108
N	2	5	75	853474	8.78761e-05
N	2	6	48	853474	5.62407e-05
N	2	7	29	853474	3.39788e-05
N	2	8	14	853474	1.64035e-05
N	2	9	14	853474	1.64035e-05
N	2	10	17	853474	1.99186e-05
N	2	11	7	853474	8.20177e-06
N	2	12	3	853474	3.51505e-06
N	2	13	6	853474	7.03009e-06
N	2	14	4	853474	4.68673e-06
N	2	15	3	853474	3.51505e-06
N	2	18	1	853474	1.17168e-06
N	2	19	1	853474	1.17168e-06
N	2	21	1	853474	1.17168e-06
N	2	22	1	853474	1.17168e-06
N	3	0	5937	853474	0.00695628
N	3	1	226	853474	0.0002648
N	3	2	171	853474	0.000200358
N	3	3	112	853474	0.000131228
N	3	4	66	853474	7.7331e-05
N	3	5	50	853474	5.85841e-05
N	3	6	37	853474	4.33522e-05
N	3	7	23	853474	2.69487e-05
N	3	8	16	853474	1.87469e-05
N	3	9	7	853474	8.20177e-06
N	3	10	8	853474	9.37345e-06
N	3	11	2	853474	2.34336e-06
N	3	12	3	853474	3.51505e-06
N	3	13	1	853474	1.17168e-06
N	3	14	3	853474	3.51505e-06
N	3	15	2	853474	2.34336e-06
N	3	16	2	853474	2.34336e-06
N	3	17	1	853474	1.17168e-06
N	3	19	1	853474	1.17168e-06
N	4	0	3928	853474	0.00460237
N	4	1	157	853474	0.000183954
N	4	2	108	853474	0.000126542
N	4	3	56	853474	6.56142e-05
N	4	4	47	853474	5.5069e-05
N	4	5	31	853474	3.63221e-05
N	4	6	13	853474	1.52319e-05
N	4	7	23	853474	2.69487e-05
N	4	8	13	853474	1.52319e-05
N	4	9	7	853474	8.20177e-06
N	4	10	3	853474	3.51505e-06
N	4	11	4	853474	4.68673e-06
N	4	12	3	853474	3.51505e-06
N	4	13	1	853474	1.17168e-06
N	4	14	2	853474	2.34336e-06
N	4	20	1	853474	1.17168e-06
N	4	33	1	853474	1.17168e-06
N	5	0	2604	853474	0.00305106
N	5	1	110	853474	0.000128885
N	5	2	79	853474	9.25629e-05
N	5	3	48	853474	5.62407e-05
N	5	4	31	853474	3.63221e-05
N	5	5	25	853474	2.9292e-05
N	5	6	16	853474	1.87469e-05
N	5	7	8	853474	9.37345e-06
N	5	8	2	853474	2.34336e-06
N	5	9	2	853474	2.34336e-06
N	5	10	4	853474	4.68673e-06
N	5	11	1	853474	1.17168e-06
N	5	12	1	853474	1.17168e-06
N	5	13	2	853474	2.34336e-06
N	5	16	1	853474	1.17168e-06
N	5	19	1	853474	1.17168e-06
N	6	0	1816	853474	0.00212777
N	6	1	76	853474	8.90478e-05
N	6	2	52	853474	6.09275e-05
N	6	3	39	853474	4.56956e-05
N	6	4	25	853474	2.9292e-05
N	6	5	16	853474	1.87469e-05
N	6	6	6	853474	7.03009e-06
N	6	7	9	853474	1.05451e-05
N	6	8	4	853474	4.68673e-06
N	6	9	3	853474	3.51505e-06
N	6	10	2	853474	2.34336e-06
N	6	11	3	853474	3.51505e-06
N	6	12	2	853474	2.34336e-06
N	6	13	2	853474	2.34336e-06
N	6	21	1	853474	1.17168e-06
N	7	0	1257	853474	0.0014728
N	7	1	46	853474	5.38974e-05
N	7	2	39	853474	4.56956e-05
N	7	3	19	853474	2.2262e-05
N	7	4	25	853474	2.9292e-05
N	7	5	6	853474	7.03009e-06
N	7	6	13	853474	1.52319e-05
N	7	7	4	853474	4.68673e-06
N	7	8	1	853474	1.17168e-06
N	7	9	1	853474	1.17168e-06
N	7	10	3	853474	3.51505e-06
N	7	11	1	853474	1.17168e-06
N	8	0	869	853474	0.00101819
N	8	1	42	853474	4.92106e-05
N	8	2	23	853474	2.69487e-05
N	8	3	18	853474	2.10903e-05
N	8	4	5	853474	5.85841e-06
N	8	5	8	853474	9.37345e-06
N	8	6	4	853474	4.68673e-06
N	8	7	7	853474	8.20177e-06
N	8	8	4	853474	4.68673e-06
N	8	9	3	853474	3.51505e-06
N	8	10	1	853474	1.17168e-06
N	8	11	1	853474	1.17168e-06
N	8	17	1	853474	1.17168e-06
N	8	18	1	853474	1.17168e-06
N	9	0	603	853474	0.000706524
N	9	1	26	853474	3.04637e-05
N	9	2	6	853474	7.03009e-06
N	9	3	15	853474	1.75752e-05
N	9	4	8	853474	9.37345e-06
N	9	5	4	853474	4.68673e-06
N	9	6	2	853474	2.34336e-06
N	9	7	2	853474	2.34336e-06
N	9	9	2	853474	2.34336e-06
N	9	12	1	853474	1.17168e-06
N	9	16	2	853474	2.34336e-06
N	9	17	1	853474	1.17168e-06
N	9	21	1	853474	1.17168e-06
N	10	0	430	853474	0.000503823
N	10	1	15	853474	1.75752e-05
N	10	2	16	853474	1.87469e-05
N	10	3	9	853474	1.05451e-05
N	10	4	6	853474	7.03009e-06
N	10	5	4	853474	4.68673e-06
N	10	6	2	853474	2.34336e-06
N	10	7	3	853474	3.51505e-06
N	10	8	3	853474	3.51505e-06
N	10	11	1	853474	1.17168e-06
N	10	15	1	853474	1.17168e-06
N	11	0	314	853474	0.000367908
N	11	1	12	853474	1.40602e-05
N	11	2	6	853474	7.03009e-06
N	11	3	9	853474	1.05451e-05
N	11	4	6	853474	7.03009e-06
N	11	5	4	853474	4.68673e-06
N	11	6	1	853474	1.17168e-06
N	11	7	1	853474	1.17168e-06
N	11	8	1	853474	1.17168e-06
N	11	9	1	853474	1.17168e-06
N	11	10	1	853474	1.17168e-06
N	11	11	1	853474	1.17168e-06
N	12	0	194	853474	0.000227306
N	12	1	9	853474	1.05451e-05
N	12	2	10	853474	1.17168e-05
N	12	3	10	853474	1.17168e-05
N	12	4	1	853474	1.17168e-06
N	12	5	1	853474	1.17168e-06
N	12	8	1	853474	1.17168e-06
N	12	10	1	853474	1.17168e-06
N	13	0	135	853474	0.000158177
N	13	1	8	853474	9.37345e-06
N	13	2	6	853474	7.03009e-06
N	13	3	5	853474	5.85841e-06
N	13	4	3	853474	3.51505e-06
N	13	5	2	853474	2.34336e-06
N	13	6	1	853474	1.17168e-06
N	13	7	1	853474	1.17168e-06
N	13	8	1	853474	1.17168e-06
N	13	13	1	853474	1.17168e-06
N	14	0	89	853474	0.00010428
N	14	1	6	853474	7.03009e-06
N	14	2	5	853474	5.85841e-06
N	14	3	3	853474	3.51505e-06
N	14	4	1	853474	1.17168e-06
N	14	9	1	853474	1.17168e-06
N	14	11	1	853474	1.17168e-06
N	15	0	91	853474	0.000106623
N	15	1	4	853474	4.68673e-06
N	15	2	5	853474	5.85841e-06
N	15	3	2	853474	2.34336e-06
N	15	4	2	853474	2.34336e-06
N	15	6	1	853474	1.17168e-06
N	16	0	56	853474	6.56142e-05
N	16	1	5	853474	5.85841e-06
N	16	2	6	853474	7.03009e-06
N	16	3	4	853474	4.68673e-06
N	16	5	1	853474	1.17168e-06
N	17	0	47	853474	5.5069e-05
N	17	1	3	853474	3.51505e-06
N	17	2	1	853474	1.17168e-06
N	17	3	2	853474	2.34336e-06
N	18	0	39	853474	4.56956e-05
N	18	1	1	853474	1.17168e-06
N	18	6	1	853474	1.17168e-06
N	18	9	1	853474	1.17168e-06
N	19	0	23	853474	2.69487e-05
N	19	2	1	853474	1.17168e-06
N	19	3	4	853474	4.68673e-06
N	20	0	17	853474	1.99186e-05
N	20	1	1	853474	1.17168e-06
N	20	2	2	853474	2.34336e-06
N	21	0	15	853474	1.75752e-05
N	22	0	9	853474	1.05451e-05
N	22	1	1	853474	1.17168e-06
N	22	2	1	853474	1.17168e-06
N	23	0	4	853474	4.68673e-06
N	24	0	4	853474	4.68673e-06
N	25	0	5	853474	5.85841e-06
N	26	0	4	853474	4.68673e-06
N	27	0	2	853474	2.34336e-06
N	28	0	3	853474	3.51505e-06
N	30	0	1	853474	1.17168e-06
N	34	0	1	853474	1.17168e-06
N	34	2	2	853474	2.34336e-06
L	0	0	9790	12897	0.759091
L	0	1	453	12897	0.0351244
L	0	2	287	12897	0.0222532
L	0	3	192	12897	0.0148872
L	0	4	110	12897	0.00852912
L	0	5	78	12897	0.00604792
L	0	6	52	12897	0.00403195
L	0	7	43	12897	0.00333411
L	0	8	23	12897	0.00178336
L	0	9	24	12897	0.0018609
L	0	10	15	12897	0.00116306
L	0	11	13	12897	0.00100799
L	0	12	5	12897	0.000387687
L	0	13	3	12897	0.000232612
L	0	14	4	12897	0.00031015
L	0	15	2	12897	0.000155075
L	0	16	2	12897	0.000155075
L	0	17	2	12897	0.000155075
L	0	21	2	12897	0.000155075
L	0	22	1	12897	7.75374e-05
L	0	26	1	12897	7.75374e-05
L	1	0	561	12897	0.0434985
L	1	1	16	12897	0.0012406
L	1	2	11	12897	0.000852912
L	1	3	8	12897	0.000620299
L	1	4	6	12897	0.000465224
L	1	5	5	12897	0.000387687
L	1	6	1	12897	7.75374e-05
L	1	13	1	12897	7.75374e-05
L	2	0	334	12897	0.0258975
L	2	1	7	12897	0.000542762
L	2	2	4	12897	0.00031015
L	2	3	4	12897	0.00031015
L	2	4	4	12897	0.00031015
L	2	5	4	12897	0.00031015
L	2	6	1	12897	7.75374e-05
L	2	7	1	12897	7.75374e-05
L	2	10	1	12897	7.75374e-05
L	2	11	1	12897	7.75374e-05
L	3	0	247	12897	0.0191517
L	3	1	12	12897	0.000930449
L	3	2	4	12897	0.00031015
L	3	3	1	12897	7.75374e-05
L	3	4	2	12897	0.000155075
L	3	5	3	12897	0.000232612
L	3	8	3	12897	0.000232612
L	3	15	1	12897	7.75374e-05
L	4	0	166	12897	0.0128712
L	4	1	5	12897	0.000387687
L	4	2	5	12897	0.000387687
L	4	3	3	12897	0.000232612
L	4	4	3	12897	0.000232612
L	4	5	3	12897	0.000232612
L	4	6	1	12897	7.75374e-05
L	5	0	102	12897	0.00790882
L	5	1	2	12897	0.000155075
L	5	2	2	12897	0.000155075
L	5	3	4	12897	0.00031015
L	5	4	1	12897	7.75374e-05
L	5	5	1	12897	7.75374e-05
L	6	0	89	12897	0.00690083
L	6	1	2	12897	0.000155075
L	6	2	2	12897	0.000155075
L	6	3	1	12897	7.75374e-05
L	6	8	1	12897	7.75374e-05
L	7	0	37	12897	0.00286888
L	7	1	2	12897	0.000155075
L	7	2	6	12897	0.000465224
L	7	3	1	12897	7.75374e-05
L	7	4	1	12897	7.75374e-05
L	8	0	27	12897	0.00209351
L	8	1	3	12897	0.000232612
L	8	4	1	12897	7.75374e-05
L	8	9	1	12897	7.75374e-05
L	9	0	20	12897	0.00155075
L	10	0	14	12897	0.00108552
L	10	1	1	12897	7.75374e-05
L	10	3	1	12897	7.75374e-05
L	11	0	6	12897	0.000465224
L	11	5	1	12897	7.75374e-05
L	12	0	9	12897	0.000697837
L	12	3	1	12897	7.75374e-05
L	13	0	6	12897	0.000465224
L	14	0	4	12897	0.00031015
L	14	1	1	12897	7.75374e-05
L	14	2	1	12897	7.75374e-05
L	15	0	2	12897	0.000155075
L	15	2	2	12897	0.000155075
L	16	0	3	12897	0.000232612
L	17	0	3	12897	0.000232612
L	18	0	2	12897	0.000155075
L	20	0	1	12897	7.75374e-05
L	21	0	1	12897	7.75374e-05
L	22	0	1	12897	7.75374e-05
R	0	0	9785	12897	0.758704
R	0	1	509	12897	0.0394665
R	0	2	312	12897	0.0241917
R	0	3	222	12897	0.0172133
R	0	4	133	12897	0.0103125
R	0	5	99	12897	0.0076762
R	0	6	53	12897	0.00410948
R	0	7	47	12897	0.00364426
R	0	8	35	12897	0.00271381
R	0	9	11	12897	0.000852912
R	0	10	12	12897	0.000930449
R	0	11	9	12897	0.000697837
R	0	12	17	12897	0.00131814
R	0	13	6	12897	0.000465224
R	0	14	2	12897	0.000155075
R	0	15	3	12897	0.000232612
R	0	16	1	12897	7.75374e-05
R	0	17	2	12897	0.000155075
R	0	19	1	12897	7.75374e-05
R	0	20	1	12897	7.75374e-05
R	0	21	1	12897	7.75374e-05
R	1	0	484	12897	0.0375281
R	1	1	26	12897	0.00201597
R	1	2	13	12897	0.00100799
R	1	3	9	12897	0.000697837
R	1	4	7	12897	0.000542762
R	1	5	5	12897	0.000387687
R	1	6	2	12897	0.000155075
R	1	7	6	12897	0.000465224
R	1	8	2	12897	0.000155075
R	1	9	2	12897	0.000155075
R	1	11	1	12897	7.75374e-05
R	1	12	1	12897	7.75374e-05
R	1	16	1	12897	7.75374e-05
R	2	0	304	12897	0.0235714
R	2	1	10	12897	0.000775374
R	2	2	7	12897	0.000542762
R	2	3	5	12897	0.000387687
R	2	4	1	12897	7.75374e-05
R	2	5	4	12897	0.00031015
R	2	6	1	12897	7.75374e-05
R	2	8	1	12897	7.75374e-05
R	2	15	1	12897	7.75374e-05
R	3	0	197	12897	0.0152749
R	3	1	15	12897	0.00116306
R	3	2	7	12897	0.000542762
R	3	3	4	12897	0.00031015
R	3	4	3	12897	0.000232612
R	3	5	1	12897	7.75374e-05
R	3	7	1	12897	7.75374e-05
R	4	0	143	12897	0.0110878
R	4	1	5	12897	0.000387687
R	4	2	2	12897	0.000155075
R	4	3	3	12897	0.000232612
R	4	4	2	12897	0.000155075
R	4	9	1	12897	7.75374e-05
R	5	0	89	12897	0.00690083
R	5	1	4	12897	0.00031015
R	5	2	3	12897	0.000232612
R	5	3	2	12897	0.000155075
R	5	5	1	12897	7.75374e-05
R	6	0	72	12897	0.00558269
R	6	1	2	12897	0.000155075
R	6	2	2	12897	0.000155075
R	6	3	1	12897	7.75374e-05
R	7	0	44	12897	0.00341165
R	7	1	3	12897	0.000232612
R	7	4	1	12897	7.75374e-05
R	7	5	1	12897	7.75374e-05
R	8	0	25	12897	0.00193844
R	8	1	3	12897	0.000232612
R	8	3	1	12897	7.75374e-05
R	9	0	27	12897	0.00209351
R	9	2	2	12897	0.000155075
R	9	3	2	12897	0.000155075
R	9	4	1	12897	7.75374e-05
R	9	7	1	12897	7.75374e-05
R	10	0	23	12897	0.00178336
R	10	1	1	12897	7.75374e-05
R	10	2	1	12897	7.75374e-05
R	11	0	12	12897	0.000930449
R	12	0	12	12897	0.000930449
R	12	6	1	12897	7.75374e-05
R	13	0	3	12897	0.000232612
R	13	3	1	12897	7.75374e-05
R	14	0	4	12897	0.00031015
R	14	3	1	12897	7.75374e-05
R	15	0	3	12897	0.000232612
R	16	0	7	12897	0.000542762
R	16	3	1	12897	7.75374e-05
R	17	0	1	12897	7.75374e-05
R	22	0	1	12897	7.75374e-05
B	0	1	12	103	0.116505
B	0	2	8	103	0.0776699
B	0	3	6	103	0.0582524
B	0	4	4	103	0.038835
B	0	5	4	103	0.038835
B	0	7	2	103	0.0194175
B	0	9	1	103	0.00970874
B	0	11	1	103	0.00970874
B	0	12	3	103	0.0291262
B	1	0	25	103	0.242718
B	1	3	1	103	0.00970874
B	2	0	13	103	0.126214
B	3	0	7	103	0.0679612
B	4	0	4	103	0.038835
B	5	0	4	103	0.038835
B	5	2	1	103	0.00970874
B	6	0	3	103	0.0291262
B	6	6	1	103	0.00970874
B	7	0	1	103	0.00970874
B	8	0	1	103	0.00970874
B	9	0	1	103	0.00970874
